4.257637825343000060e+01 2.108139212926706918e+01 2.115729011744086918e+01
1.649558441243394569e+01 5.389114267772121281e+01 3.743981479959292358e+01
2.335396137493968638e+01 1.009568637831471882e+01 4.073631282112465612e+01
1.204594784062187074e+01 3.144302405310947535e+01 2.505447116317176537e+01
3.283011374408588523e+01 3.355118522681511450e+01 3.906883891790346297e+01
5.023068959514306187e+01 8.245319459975165799e+00 3.917574280329502301e+01
2.350401881764956613e+01 1.488969135083062589e+01 2.117225572904330022e+01
2.034369817381594459e+01 4.843533773390826269e+01 1.851103000527422537e+01
5.196824390039046904e+01 2.793244526885622392e+01 3.683310040578436428e+01
1.389691038527150901e+01 3.631610371855551733e+01 4.120733039579560142e+01
2.864664223161887335e+01 3.030894721023275196e+01 2.206153438775404396e+01
3.753574350652614555e+01 1.709926338982728566e+01 4.145952690164349974e+01
5.048742171008977664e+01 8.343256697517073661e+00 2.421134349733626578e+01
4.222257826262933378e+01 3.418750638325557389e+01 2.790603130021674616e+01
2.635337271387137648e+01 4.484808715520635047e+01 3.161864847722603145e+01
2.037240609359648147e+01 2.332171602609906813e+01 3.590638190464312629e+01
9.939272414021978364e+00 4.411000665599487292e+01 3.040996819414031549e+01
3.349936091225986701e+01 1.394150596799645569e+01 2.954959270270867222e+01
5.266491212261129817e+01 2.028013590835946900e+01 2.785244847895295806e+01
2.107384202315943611e+01 4.480569642183393597e+01 4.258605026783577330e+01
4.213533364255876279e+01 2.796547978176031179e+01 4.112142777073110267e+01
1.734806521041647187e+01 5.494992758513630804e+01 2.647020535286625531e+01
4.382936897512698238e+01 1.418078824289134054e+01 3.296673825660658963e+01
2.890857949633166157e+01 2.325306248259590447e+01 4.266004394008645306e+01
4.840044846109658039e+01 1.818747821964815614e+01 4.145647968602111177e+01
2.004128080411961577e+01 3.764320840807671686e+01 2.316207577528965089e+01
2.296872812671830388e+01 3.376044595883455202e+01 3.677803638924341811e+01
3.273445393168915274e+01 1.922320000323996325e+01 2.067866288695268295e+01
2.706757822309134554e+01 7.127061280834309009e+00 2.580449351202348396e+01
5.030459005795975713e+01 2.959084445014671871e+01 2.525257936992420582e+01
2.157176607963989312e+01 2.425447930339753100e+01 2.459203814857023929e+01
7.675056620819662889e+00 3.324101106166536113e+01 3.472272078952755692e+01
3.348396100798772324e+01 3.705110262495163909e+01 2.814906527537944569e+01
2.434097750810212091e+01 1.733429365745210760e+01 2.995459423011336497e+01
3.777378189333886382e+01 2.886366269327553269e+01 2.193920066316611184e+01
3.152012220534629350e+01 1.154639204528041319e+01 3.794497005963010849e+01
1.087667291710822148e+01 3.992351508460308906e+01 2.283696868267211855e+01
1.833726275923413596e+01 3.012752134090556311e+01 2.992576412516350004e+01
1.417687138477128173e+01 4.650437844086801675e+01 3.899685171432883379e+01
5.160251818442115734e+01 1.496688794537576328e+01 3.407023304076653147e+01
4.474426912348260998e+01 1.365997706588179383e+01 2.271300859416700746e+01
2.316364828190821967e+01 1.804005470323703619e+01 4.138821049634518801e+01
4.716372126922390606e+01 3.363490852291030109e+01 3.465665802703497178e+01
9.113895391226078502e+00 4.083505101595082465e+01 3.745795651883660327e+01
2.288626694008839024e+01 4.450512057010717371e+01 2.490085360268581383e+01
2.867123385301694682e+01 3.748482884364965884e+01 3.378911511225723530e+01
1.307048748476810474e+01 4.746329383396482626e+01 2.457288677545524536e+01
1.332263765410947087e+01 5.066007250996021583e+01 3.160092721734599053e+01
6.628026213174900150e+00 3.580179028485316906e+01 2.745162552598910111e+01
2.135005569443907802e+01 4.882676902937825503e+01 3.530661362254421931e+01
1.504637650190607090e+01 3.094189325527796086e+01 3.621949194127003580e+01
3.514679148696581024e+01 2.589321899692076201e+01 4.236195271837466692e+01
5.303904051316251866e+01 2.157225999991677412e+01 3.459421710327812605e+01
2.420145782068976459e+01 2.752615917910751264e+01 4.032129535653591290e+01
5.101603137411583333e+01 1.651285299833721254e+01 2.250142760746476256e+01
3.997530209953976055e+01 1.360702998895639659e+01 2.752847927930583083e+01
2.573675896549322317e+01 3.859045836457281808e+01 2.650821216953023196e+01
3.748288399803380599e+01 1.297937685801548824e+01 3.475438944171923339e+01
3.637580283562279959e+01 3.607724007351531981e+01 3.395435884209440758e+01
3.033212903596687937e+01 1.652489555284131484e+01 4.203857774544628967e+01
2.352499083699620286e+01 3.200332165210360813e+01 2.570982562153479378e+01
2.556943954073012648e+01 1.244122092627808485e+01 3.404984625666721598e+01
2.512939425033216168e+01 4.133759938829064140e+01 3.755823461249330109e+01
4.410832931761069631e+01 1.079742684153826104e+01 3.839057992821535237e+01
4.549930927116299273e+01 2.735630530061790466e+01 2.182111002367102159e+01
4.661894105437762192e+01 9.588430783783095990e+00 2.902222169353831305e+01
4.098775343833625584e+01 3.284030343059658463e+01 3.735818605181239604e+01
4.312881669856261624e+01 2.152934999986182873e+01 4.185328550604226905e+01
3.081935797972933955e+01 1.109797741945661365e+01 2.283099585466312220e+01
5.368108296687908876e+01 2.830541457261936955e+01 3.028458378478600466e+01
2.516787215499082464e+01 2.108727436345467865e+01 2.070086322114248034e+01
2.023962951393834331e+01 3.843020255121572859e+01 3.995329822732699654e+01
4.876843406348277199e+01 2.452028922968831282e+01 4.077760130396134741e+01
2.754021675812430914e+01 7.109688838437994818e+00 3.685219987497198701e+01
5.020425279326624945e+01 2.267111102458328276e+01 2.292324220350722541e+01
2.030512923423839311e+01 2.169656864671712881e+01 2.979161447349513026e+01
3.835853382583676563e+01 1.640260134216316601e+01 2.263795068080649742e+01
1.990018826962193188e+01 5.110030622495956010e+01 3.000881885535558524e+01
1.728638105688106918e+01 4.374626836498174498e+01 2.316606628443160787e+01
3.718904779804427818e+01 2.311573620600313461e+01 2.056294725816570690e+01
2.244841258203304335e+01 1.148765736687319006e+01 2.564604412960470370e+01
3.383860808674176468e+01 3.334733976733194538e+01 2.391091821531846762e+01
3.019010580413917211e+01 2.917926982950760362e+01 4.144957387267334070e+01
1.865961608140990791e+01 4.989038306827040969e+01 2.443568579465195256e+01
2.021632030464432006e+01 2.907894123361753103e+01 3.512029363210205446e+01
2.277484313008374528e+01 1.697842085466095341e+01 3.561362133246684181e+01
1.857517500918049436e+01 4.966039646715580602e+01 4.170731327740453764e+01
5.245412794013262214e+01 1.300943885428003455e+01 2.650324358973499272e+01
3.262027280219822245e+01 2.682875033776918627e+01 2.061877383064326708e+01
4.968510785994341461e+01 9.273472495607933297e+00 3.386256403524292580e+01
4.774600606482252374e+01 3.340323291628943991e+01 2.816018812010718264e+01
1.571319345019080771e+01 4.147898704456212471e+01 4.024175709142730284e+01
9.135649448586301347e+00 3.405877964209351205e+01 3.984060692723816999e+01
4.315185806776671740e+01 1.569813209275789312e+01 4.035849997501558306e+01
2.835816038087186541e+01 1.267195291829780857e+01 2.870088470133315539e+01
2.829620163528895915e+01 1.655604195234209897e+01 2.037964615799744195e+01
1.479537015206249961e+01 3.674624520987654819e+01 2.191774929011367945e+01
3.361878365333908647e+01 1.553876328263823936e+01 2.468985675294028326e+01
1.096734729710259693e+01 3.085532158313565887e+01 3.172634598887069046e+01
2.988600729615802010e+01 1.503088732774103065e+01 3.380314073056968738e+01
4.863532091285622982e+01 1.244466527369118225e+01 4.139047797051089361e+01
1.078295223244528955e+01 4.584121810670560393e+01 3.500668224864385536e+01
1.685353034669666172e+01 3.274721677524865981e+01 2.494196107295662301e+01
4.800520835216067894e+01 2.951507640055105952e+01 3.935202917845204951e+01
2.524534887532113103e+01 2.595121096994380139e+01 2.152619681882136149e+01
3.393524758314148926e+01 2.017408936502809169e+01 4.259322246892806874e+01
2.891188452235599726e+01 3.525197165299674396e+01 2.496089852624977823e+01
2.745857113189882170e+01 3.365043350944410605e+01 3.856798837953888892e+01
6.358278259290904622e+00 3.717339146923104920e+01 3.202995574414015323e+01
4.771831385451635299e+01 1.420182763378694091e+01 3.020538782441273185e+01
4.145632585579650708e+01 3.147596081205806229e+01 2.405814775259160854e+01
3.837311352801414444e+01 2.240474062359800200e+01 4.235191763179549440e+01
4.679871221830804018e+01 1.893670800361957873e+01 2.142403151711851805e+01
4.505211960118498382e+01 9.202767975694886360e+00 2.416692208524116836e+01
5.136611592479917476e+01 2.094275870589192934e+01 3.912503302341630729e+01
5.193191094891099624e+01 1.619460185538077823e+01 3.914933736942798248e+01
3.377788018523642677e+01 1.558277296269593037e+01 3.904903329714264260e+01
5.110326192170627735e+01 3.140254709362844210e+01 3.364158496592352776e+01
3.775525416341768903e+01 2.937842180117554847e+01 4.063728006046748931e+01
8.914075602295136846e+00 4.127569766459937739e+01 2.678549300299235725e+01
2.224922534404480956e+01 1.670854675747025553e+01 2.592699033180122115e+01
1.510270965005855004e+01 5.097595079474510271e+01 2.740775118148754075e+01
2.330887154956400309e+01 2.308053998377735638e+01 4.078207113563500030e+01
5.241369310475485577e+01 2.537971326875782196e+01 2.575677764321031660e+01
2.517218137464024963e+01 8.884786273464939654e+00 2.214512255863808576e+01
3.750540618459400122e+01 3.520157880260357075e+01 2.753099097501407755e+01
2.242972374413693970e+01 4.796200572593848221e+01 2.815357566203380202e+01
8.150698745146927493e+00 3.583860714301569317e+01 2.328869536913325078e+01
2.844630650747351197e+01 8.624253645157221371e+00 4.091631308121901611e+01
4.046089538349341552e+01 3.473002367384492572e+01 3.319183229733141616e+01
5.239803939594338544e+01 1.130291273909828753e+01 3.693908299510749771e+01
2.636055413437211570e+01 1.503189393865723034e+01 4.283661284537184599e+01
1.725382376875209189e+01 5.175531254494587330e+01 3.380370096004999425e+01
4.175416777054319084e+01 2.541986696049252714e+01 2.107302820642836139e+01
3.041252488704501999e+01 2.320693933855538660e+01 2.023226343452994413e+01
1.889108513960922053e+01 2.646202533853117700e+01 3.205753949277271886e+01
2.043755391461461812e+01 2.747806444549887317e+01 2.704702517299810083e+01
2.239309658258292401e+01 4.483282291625891247e+01 3.860027178907137824e+01
8.810372071026513652e+00 3.227980574970233363e+01 2.806552790804777686e+01
5.414635004879046676e+01 2.419062952795772148e+01 3.089597002572185147e+01
8.385168808840914423e+00 4.088364611855741515e+01 3.257433520057728060e+01
7.025054233569606232e+00 3.710097222895898028e+01 3.792267804341155113e+01
1.150268855863995299e+01 4.768766789264165595e+01 2.841545580020052597e+01
4.431424074724978368e+01 1.284452073174830744e+01 2.788580222242940110e+01
2.198349611272365323e+01 1.463987246617122651e+01 3.891589789893249218e+01
4.542207284813984813e+01 3.201343492998748275e+01 2.501072309633809354e+01
1.501114432274437505e+01 5.004572587462759969e+01 3.678549754561702656e+01
1.671485923455733058e+01 4.893230118597170986e+01 2.033831618371092276e+01
4.535024953886441068e+01 8.863288641388352929e+00 3.502852896660422743e+01
2.588094393265861015e+01 4.295573008295977502e+01 2.717165892076362965e+01
3.986187792251391215e+01 1.264195880127987692e+01 3.147738166904080970e+01
3.026837144648736455e+01 9.510008547271628032e+00 2.703208082908011178e+01
2.390449465910528914e+01 4.822441360785350639e+01 3.222094148335163055e+01
3.273750000586488085e+01 3.735084661584592425e+01 3.211027297546854697e+01
4.834521531310475950e+01 1.213337348665278626e+01 2.171731840255625201e+01
3.651310045504038726e+01 3.409939405594038675e+01 3.753755277888795661e+01
2.188794282542053793e+01 2.002676693830268206e+01 3.808745944271605310e+01
2.734111810548647270e+01 1.189885106671315107e+01 2.061807449358185806e+01
1.442745590066067507e+01 3.053100071321839692e+01 2.911295738864358640e+01
1.737479690987816028e+01 4.610647950833085673e+01 4.322993907274017999e+01
2.285421797079202122e+01 4.066179019695569252e+01 2.393858090350102330e+01
2.241641903114311773e+01 1.925700175598975505e+01 2.288548658519585288e+01
2.437919104163115946e+01 3.738922125606426050e+01 3.728269993632657986e+01
3.993820610198934418e+01 1.510956196439872201e+01 3.819017363353860617e+01
4.243366566064154455e+01 1.675632681824415116e+01 2.227858030967483671e+01
2.689816631598821672e+01 1.992665601158877919e+01 4.271052705860967080e+01
2.548099763449957322e+01 1.006819487951402436e+01 2.857520067075983050e+01
1.094234850834266126e+01 3.875701648788493259e+01 4.059270647088030870e+01
1.113711792493629815e+01 4.344672755978776024e+01 2.448635343562061450e+01
5.133090771084880544e+01 3.115666610500162648e+01 2.916109557471565950e+01
1.163730647723454581e+01 3.133994274999766461e+01 3.797841711884308324e+01
2.070677306391412742e+01 4.504017730616813964e+01 2.028115355867573655e+01
3.664527531742276523e+01 1.931956902378616547e+01 2.077379170963996202e+01
3.393367818630544264e+01 1.374313613998031336e+01 3.364041871274654483e+01
2.732884878980545551e+01 3.964776180408706807e+01 2.978133885835308092e+01
2.291192361962101387e+01 3.007165694917143739e+01 3.763803513795805600e+01
1.458545139284048453e+01 4.061328628986733236e+01 2.250955219044302069e+01
5.017907790308956351e+01 8.523666804378368766e+00 2.835241466400446342e+01
3.044767197312680906e+01 3.597557469266821784e+01 3.743144389685767237e+01
1.181992414956509307e+01 3.406749059507905741e+01 2.238357718215116776e+01
3.746907011807130061e+01 3.196213500153395870e+01 2.400310146216009954e+01
1.854035475070370609e+01 3.512995072026981092e+01 3.954140753696373167e+01
3.889581147196892630e+01 2.608451100996268579e+01 4.199187760699887662e+01
2.442970516627548960e+01 1.384339721215631869e+01 2.864362632105540740e+01
4.631275103557642581e+01 7.833808089671702390e+00 3.885130982113672360e+01
2.131956563222590972e+01 2.648744956276749107e+01 3.758268324939647442e+01
2.562825612803888120e+01 1.611936819679857535e+01 3.320902468075021119e+01
4.745668129107815503e+01 7.121104710441759522e+00 2.605329388303836424e+01
2.517248156907824352e+01 2.945825259575757471e+01 2.286422020531157528e+01
2.848214582086442448e+01 1.026036101203500372e+01 3.447934164102858290e+01
2.740754003222804158e+01 4.153031820344861558e+01 3.291413514882857072e+01
2.426468579170785489e+01 9.371381522418928967e+00 3.539024668449896893e+01
4.355439125273393586e+01 3.480223610628928554e+01 3.138591456286845727e+01
2.944160691855386958e+01 3.730209069683381529e+01 2.784379875872171439e+01
4.369813848428173486e+01 3.114878554943109279e+01 3.896454241841753685e+01
5.180079373467587800e+01 1.581705307699109753e+01 2.861237791358774629e+01
3.218537151348775893e+01 3.014779779520853253e+01 2.195532176670245050e+01
4.497267163317672356e+01 2.390284857959087006e+01 2.123815381646781120e+01
2.105911268975026474e+01 2.044214177269713062e+01 3.301280753694162229e+01
2.085975223946140034e+01 4.809837911755323603e+01 4.388614872439582371e+01
4.107662595503415304e+01 1.867387468749360835e+01 4.173481982516829447e+01
2.195191199202942300e+01 3.551697032598838177e+01 2.518581014832739839e+01
4.910967257288052679e+01 1.270162934340015326e+01 3.311241342735712578e+01
3.714734123557130374e+01 1.462408591463277396e+01 2.539225650559496827e+01
2.090787994060775290e+01 4.840037293273626773e+01 3.943518424796859279e+01
4.323882610825676664e+01 1.397189625909282640e+01 3.638382595973008904e+01
5.158906736550497385e+01 1.209226444635795872e+01 2.327061643790031553e+01
4.421265543061877423e+01 2.526234815977322157e+01 4.172948437079469386e+01
2.916244784521986588e+01 2.681933159512865217e+01 2.058672968310818874e+01
7.026754810595853051e+00 3.894173070985117135e+01 2.880467051894329700e+01
3.107650408772402173e+01 1.351269275941806214e+01 2.678173415717521522e+01
3.669032808434893411e+01 1.275310295741865296e+01 2.989236403300748179e+01
1.858489115449455653e+01 4.326251122050948084e+01 3.992445500795999891e+01
3.076316030438386662e+01 1.328226658604775068e+01 4.112962351333563049e+01
5.196162033765222787e+01 2.474707223348135443e+01 3.799677323429889242e+01
4.234130189315139603e+01 2.879449980665827269e+01 2.219250454815670182e+01
1.469072113863817997e+01 3.332720062003535588e+01 3.984461335877811905e+01
5.160530112146916082e+01 1.292461238516258781e+01 3.992313461822273268e+01
5.292881614863228634e+01 2.040029486480563037e+01 3.118628293397970452e+01
1.117084553773082867e+01 4.736634820904546928e+01 3.205383387795461658e+01
3.469983608908901829e+01 3.069720521226673782e+01 4.030308852873637449e+01
6.961777924999814182e+00 3.413360791667772531e+01 3.080249181507605627e+01
2.252077632709771038e+01 2.838178342306181534e+01 2.455997432409764514e+01
2.123455073055202291e+01 4.815101584738472695e+01 2.325762788821322147e+01
4.864096922896638375e+01 3.349768976517334096e+01 3.170373199419201171e+01
2.182054128740056598e+01 2.000894226454834168e+01 2.739966598303411871e+01
2.239227429499963051e+01 1.177261224370484527e+01 3.736012899787276353e+01
1.937770286461369196e+01 5.310429637643741074e+01 3.606872238311825640e+01
4.393459129403055385e+01 3.424010136247495950e+01 3.462892241260227166e+01
3.297632511534133926e+01 3.683646616675915908e+01 3.552038461369581057e+01
4.950387053418369732e+01 1.654112050328054906e+01 3.164418578292622897e+01
5.219904832210114165e+01 1.798978180181162401e+01 2.517423344548839736e+01
2.000948169246664321e+01 3.245105446305657892e+01 3.642346248824610200e+01
3.047896559143555351e+01 8.471421912204238680e+00 3.771781504759474757e+01
2.876771153302561856e+01 8.015527371381528710e+00 2.317636200150044345e+01
4.659130331914910528e+01 1.549162840898507554e+01 4.141460035530239736e+01
2.050554399826186014e+01 3.216021291229030510e+01 2.687957308004246926e+01
2.328376930460999361e+01 4.610769894429337512e+01 3.576167318731459943e+01
2.663444286642445746e+01 3.944997779357339596e+01 3.534577500664200755e+01
1.949752855237364102e+01 4.080117930524321679e+01 2.296063089853764083e+01
3.560112290748222108e+01 3.653353433386801896e+01 3.050594756252947093e+01
2.587789894368629362e+01 3.475552892486863499e+01 2.587378026015610644e+01
3.173929383747288568e+01 2.655313191820143714e+01 4.238569594755152536e+01
2.603597429506508476e+01 4.351487214152533056e+01 3.498310662727239162e+01
3.565426502464749348e+01 2.589378411366399746e+01 2.062066476888928790e+01
1.807137503383156130e+01 3.048388008158834239e+01 3.306178967917749389e+01
2.514175293534749045e+01 1.207250500726243025e+01 4.243029123363160693e+01
1.083304100918208590e+01 4.412716537960665875e+01 3.765734468022233727e+01
3.057943383819053196e+01 1.480627109044166900e+01 3.037157056629393281e+01
2.778954040441569617e+01 3.090025048751127912e+01 4.035045556782985443e+01
1.428580888419455164e+01 4.450738167604598772e+01 2.350437368286250717e+01
4.802543970912993387e+01 2.556514873754738204e+01 2.199090105680309648e+01
3.085780827764686407e+01 1.534436145788108874e+01 2.163028884200352309e+01
4.973980038098133605e+01 3.122569360239717540e+01 3.640858577023247733e+01
9.580534214300508111e+00 4.275259688208463160e+01 3.468031406901167202e+01
1.583610057034596963e+01 4.784184060203253352e+01 4.123804063262842590e+01
4.599541933246998582e+01 2.760782613801137231e+01 4.093245332222623745e+01
4.312975201524241697e+01 1.418301896361816716e+01 2.524711719468056259e+01
1.753443949553005510e+01 4.600598558921846148e+01 2.009609391371589027e+01
2.427028019380614055e+01 8.229841172743768141e+00 2.622654892924279579e+01
2.603504541971047104e+01 2.400556990705431204e+01 4.203424112284744041e+01
4.616217725632510138e+01 1.216627999938589788e+01 3.358417951173966998e+01
4.852573616876975393e+01 2.151814539884009747e+01 4.096611398565073614e+01
4.726283022443729465e+01 1.494297961756596038e+01 2.153304362516660930e+01
1.848721389432643392e+01 3.495661711428573426e+01 2.370077623690135482e+01
3.869885919067413482e+01 2.570551106197819990e+01 2.083872574065320293e+01
2.109735746437551285e+01 4.166062807355098840e+01 3.951566746953173492e+01
1.692386026184843928e+01 3.251166190770504727e+01 3.794955266436418384e+01
4.891814729580912768e+01 1.134209952496395246e+01 2.979472990272372357e+01
4.070220911146297027e+01 1.325345535778125772e+01 3.427660362894457791e+01
1.569210788313973381e+01 4.881392094282383454e+01 2.426145795001784933e+01
5.330335895910377531e+01 2.462200072335094347e+01 3.535536610288954762e+01
1.091439428065638850e+01 3.709471162414246237e+01 2.196253398877468044e+01
5.309541237263697155e+01 2.888592145639671216e+01 3.311768996015796773e+01
3.905058076426642089e+01 3.517671328095421046e+01 3.001166504117365719e+01
3.102510484783993405e+01 2.007897673562164442e+01 4.266808494321743694e+01
1.658329565403457906e+01 3.875263804062134909e+01 4.075219895534183934e+01
5.203741583472375964e+01 2.169314764809427842e+01 2.494945878159159491e+01
2.700788940624748591e+01 1.551208185049513411e+01 3.073306799333168726e+01
5.468904429290566327e+01 2.637654740004268916e+01 3.271903940469994865e+01
5.368647388292129108e+01 2.608843864123542033e+01 2.825021416595543045e+01
2.293446011652131489e+01 1.838504759060587901e+01 3.224040727876819545e+01
5.160261556824907814e+01 8.548404078462491285e+00 3.664413183972398258e+01
1.016725781529112638e+01 4.391395811143434003e+01 2.714481635867678122e+01
4.780333990927333332e+01 3.060616818417011231e+01 2.427031018630295733e+01
4.726521836961236289e+01 7.082239754863628889e+00 3.619418707332436469e+01
1.167291788665397334e+01 3.071062161116180178e+01 3.449423487706790326e+01
2.344546405815452772e+01 8.481148382207464920e+00 3.797279009869075139e+01
3.946738041817825149e+01 1.962106187044448546e+01 2.098664332204364413e+01
2.501951668233150272e+01 4.649965061475866435e+01 2.973429722105294104e+01
1.202859330862781917e+01 3.421560600958338227e+01 4.083043311114889207e+01
2.409653967843199496e+01 1.762649348055051846e+01 2.073723551633274553e+01
6.453004246875488903e+00 3.684756867828883031e+01 3.483997407614391761e+01
2.047244622859620122e+01 4.949849189576102049e+01 2.657078786191420861e+01
2.050668272926039037e+01 4.343372176716984967e+01 2.316146633412218137e+01
8.497577741051296485e+00 3.871195584795815847e+01 2.374722714954140912e+01
2.894266141663187852e+01 3.292959048851511739e+01 2.338194476453298520e+01
4.740077065438256909e+01 9.428438881370919233e+00 2.264656150252095301e+01
2.587898635752035048e+01 3.186532104916261332e+01 2.408273058569430347e+01
3.281316159467611726e+01 3.556754455594975894e+01 2.524337360772558014e+01
5.217161092259682675e+01 2.903954077444326032e+01 2.756179705554021098e+01
2.989792338831417950e+01 3.757838761762319990e+01 3.055717116447966220e+01
4.098330644783887777e+01 2.427694405215023465e+01 4.209434619666809851e+01
1.443346514133816960e+01 3.037612178719221134e+01 3.187000621485480423e+01
3.416305468539394496e+01 1.706962064305760762e+01 4.134104440081321741e+01
5.230841923659457393e+01 1.027250944029656843e+01 2.619991397180247361e+01
1.297761473499323870e+01 4.059454828680076588e+01 4.030936320910608117e+01
1.925624341962455688e+01 2.400054738309619395e+01 3.091415706245210515e+01
1.739255045666348209e+01 3.746363521738999935e+01 2.238591193639905441e+01
3.943502314433880684e+01 3.103488160609368052e+01 3.925850772756417939e+01
4.426383131289250628e+01 1.012929161869941197e+01 2.661165519525687273e+01
4.606555739714201536e+01 3.184780165386726480e+01 3.779870861412236138e+01
1.622529906902326857e+01 4.509788114048252083e+01 4.012392518098714334e+01
1.939545147652199475e+01 5.324442802415227760e+01 2.700506280270279547e+01
2.232782166940966206e+01 1.319672662186692769e+01 2.293884767111340750e+01
2.209607689101591887e+01 1.726431547314171411e+01 3.825156916117406070e+01
1.367940737777556848e+01 4.388601816241685327e+01 3.947746990163811631e+01
3.926077999429656984e+01 3.324827865303473118e+01 2.556217407514554196e+01
2.552483854303818944e+01 8.551523712789201426e+00 4.102691975308212591e+01
1.975431266068049752e+01 4.964388994691186241e+01 3.729737328154953957e+01
3.026545086157144482e+01 1.289653183783209300e+01 3.537056765065364772e+01
1.703431533917392571e+01 4.947666617890166663e+01 3.843813872762980566e+01
5.135724032384580795e+01 1.178863521665749303e+01 2.880176194307800586e+01
5.239976807944074721e+01 1.471106721013739360e+01 3.660287804323805005e+01
3.468283350392026421e+01 2.328862136261728466e+01 4.269976628603441782e+01
3.000622881193011438e+01 1.860017722117400396e+01 2.046875322393619001e+01
3.470047528589360297e+01 1.417875337423107140e+01 2.719133491166312311e+01
2.543263179689375875e+01 3.472008971979582270e+01 3.691715054263156759e+01
2.211239110645040995e+01 1.624604580170505841e+01 2.333119566800485600e+01
4.954644976039902105e+01 2.786032531264228851e+01 2.341212486775443935e+01
2.381470848559296627e+01 4.587160332947260599e+01 2.739295067234933256e+01
2.652631250612496672e+01 2.843147528825722858e+01 4.111038390465812142e+01
4.636038211816639887e+01 2.170404072145673524e+01 2.148838473972315199e+01
1.691067027119649069e+01 5.302704747833958265e+01 2.476205681571137163e+01
3.212187093671678895e+01 1.487556791793920574e+01 3.513320877244626672e+01
2.145944762730858457e+01 2.370129106607791059e+01 3.823591076393984167e+01
1.187314163899880981e+01 3.071954682605861109e+01 2.869572101588754975e+01
5.050146414754628665e+01 2.640969905603855850e+01 3.934634214381567574e+01
2.371428566019646311e+01 2.056087532556527719e+01 4.157050145448588552e+01
4.515798779105382010e+01 1.439887001438411396e+01 2.994354872474833940e+01
8.680619395431760310e+00 3.853810679330764799e+01 3.937234663947211288e+01
3.614005924777470113e+01 3.447637665950649222e+01 2.546816803518724015e+01
8.969154773968396555e+00 3.267129177285604413e+01 2.552820519443890745e+01
2.696991590736048394e+01 4.300937825952838267e+01 2.993954918303850476e+01
4.029129083848526705e+01 1.566261967472822825e+01 2.414642882849723549e+01
1.787105103980316656e+01 5.225176271300774289e+01 2.896304164518462088e+01
1.405063948513621241e+01 3.098111208951133833e+01 2.663373513149595340e+01
4.543068521798185344e+01 3.448768627575582002e+01 2.970142194538430402e+01
2.584373003330301444e+01 1.391467517939557119e+01 2.025724257936133554e+01
5.135160405293150632e+01 1.746163372751595233e+01 3.311742389304408363e+01
4.982685165726111620e+01 1.020317611517828560e+01 2.242038241981955693e+01
1.958522830482941401e+01 2.343393499712148298e+01 3.335688545660607929e+01
7.436129361326582199e+00 3.942272686901195300e+01 3.440223722250132710e+01
2.837883885513129201e+01 3.665201249732734823e+01 3.614647213599241127e+01
4.222782652990797914e+01 1.391235598189872391e+01 2.878852811988195981e+01
2.166581546055763852e+01 4.717754144407550143e+01 3.737908817434782094e+01
4.772393675594629769e+01 1.016462501274315500e+01 4.091017100009975849e+01
2.819010706702025715e+01 9.429874605142885002e+00 2.842272863701586161e+01
2.925362310681495970e+01 2.673593031962267119e+01 4.234612662043983278e+01
2.333284573747647173e+01 1.291542100412066318e+01 3.535659826894440982e+01
1.128748818061903769e+01 4.202209446409749205e+01 3.916648925278119009e+01
4.462963797611888594e+01 1.369780634505703887e+01 4.028466082590721697e+01
2.243654096114936891e+01 3.940598247589855418e+01 3.931487650979556747e+01
3.574016938948479805e+01 1.478658978892783082e+01 3.774841446358517061e+01
5.088801754361882956e+01 2.492396881299474032e+01 2.370198862142025575e+01
9.166340897571652491e+00 4.214007699120342920e+01 2.913412122686875350e+01
4.434952447789950725e+01 1.101436288525983365e+01 3.566222534633514840e+01
5.180504567334152455e+01 1.260374678748679500e+01 3.469472677332394994e+01
2.121703348806011391e+01 2.218321561062879610e+01 2.584919261006079694e+01
3.451120884660117838e+01 3.558944597778355501e+01 3.694608066792619638e+01
3.040254856478317080e+01 3.375590283138440384e+01 3.913243908796899007e+01
3.802016538971870574e+01 3.470424881957058716e+01 3.572630116917346754e+01
4.518300002810143212e+01 1.713877631445311778e+01 2.169397721083630515e+01
5.206457937395371971e+01 1.487474839295827600e+01 2.396092065594056564e+01
1.984189229749402017e+01 2.550553360923655077e+01 3.499553885618752957e+01
1.312077716777118397e+01 5.034167543795273048e+01 2.920571299227292172e+01
2.923139702963711883e+01 1.338345574962515450e+01 2.091968749991547583e+01
4.153182607938060755e+01 3.402029533329161382e+01 3.531441432772639644e+01
3.731784317605101364e+01 1.256292961277466347e+01 3.221476565319338192e+01
5.352410788222484683e+01 2.713815371274746724e+01 3.472312849765498299e+01
2.185171859775520176e+01 1.959919443034441855e+01 2.977479947990611109e+01
2.878871917147919746e+01 1.843590506106870563e+01 4.272741459282531906e+01
2.166049029326359587e+01 4.703756105105492935e+01 4.187859425025477833e+01
2.250824924141388550e+01 1.290727449762123058e+01 4.049579105948211577e+01
3.164251533453576570e+01 1.261294699540640707e+01 2.463121175625079928e+01
5.178841632829492880e+01 1.040005321821556805e+01 3.906926097871081538e+01
2.255206496356437995e+01 1.368837773011942360e+01 2.657900410436112537e+01
8.188837987989455058e+00 3.259406203742507557e+01 3.248872508767357203e+01
4.564650459461051213e+01 3.355614940225063947e+01 2.704836000250870853e+01
1.989571896422105013e+01 5.114154991725384036e+01 3.238652651416383321e+01
3.537518801832690230e+01 1.374192784277463986e+01 3.564391975344015151e+01
1.128603735563366861e+01 4.561068032430601704e+01 2.544742997158891029e+01
5.033577791829156922e+01 2.300046795553320678e+01 3.985484254160445516e+01
1.547777199507890344e+01 5.159656451854302617e+01 3.146031806005757048e+01
3.418670010380940738e+01 2.105172682080739577e+01 2.039058314204036648e+01
3.242645872072607460e+01 2.977362721650349542e+01 4.104637059638516661e+01
5.243115971283487653e+01 2.171478599889112004e+01 3.719877137217982010e+01
3.684076092804827596e+01 1.564385652176666319e+01 3.961483969289008655e+01
1.508668656259905738e+01 5.105992389616267957e+01 3.469036184777758081e+01
2.697431639365873224e+01 3.668484868692666367e+01 2.698318607495379595e+01
1.321133168889846132e+01 3.878648171328671168e+01 2.210922862975111514e+01
3.154558855920550542e+01 3.336308722007980521e+01 2.355965617879341067e+01
3.949250184927423390e+01 3.058955511671733518e+01 2.321256657716230976e+01
5.374553461829807333e+01 2.311582524181509157e+01 3.302609504828399878e+01
3.433362191040923506e+01 2.825602139044939065e+01 2.122150050647861264e+01
3.399575577222216793e+01 2.432012711382734338e+01 2.029106389391221654e+01
4.378012702801888167e+01 1.197667603578467599e+01 2.506253455075049885e+01
3.620190155819591382e+01 1.684737058824559952e+01 2.198260463282254307e+01
2.117468858304562573e+01 2.963350767474633685e+01 2.679854968963601181e+01
2.191904234652811567e+01 4.673151791454505144e+01 2.492087051411932919e+01
1.662495855095945174e+01 3.157183506512417637e+01 2.688779719759233089e+01
2.948331207311080959e+01 1.147367227768350162e+01 4.166933181982240342e+01
5.058147456869032510e+01 1.538505075319382520e+01 4.079749866899220478e+01
5.037580148857902884e+01 2.866076739751027702e+01 3.828484633458347730e+01
3.841208505005277374e+01 3.289616148817415819e+01 3.784607252881452411e+01
2.361467614758877431e+01 1.016472622975088669e+01 2.729657407449584738e+01
4.263072983598631538e+01 3.279675674386373885e+01 2.546165376807955028e+01
4.841484659595670337e+01 7.164881577055771444e+00 3.837757648996878856e+01
2.445909242260411176e+01 4.186456846877706539e+01 2.496909989132532814e+01
3.122265614704917169e+01 1.021306885256779751e+01 2.511998922525944167e+01
4.840135029488556029e+01 2.086482930704805128e+01 2.189851837753680996e+01
7.553760375975410390e+00 3.460230870036395601e+01 3.834388662341763876e+01
1.616336859039584439e+01 5.325726586696273301e+01 2.733588000180310829e+01
4.559827534757624790e+01 2.350581622669308501e+01 4.168854067785100881e+01
2.119773368647868494e+01 3.468547416798453042e+01 3.777869417577742439e+01
1.647026770938184725e+01 3.513749787306275607e+01 2.277571031107597221e+01
2.657176840468284595e+01 4.050212353920866803e+01 2.727764183246017282e+01
2.837973452218559345e+01 9.631064572839235893e+00 2.170201166379244739e+01
2.194994033407443368e+01 4.519524671466933796e+01 2.301139246962842577e+01
3.611266828880145852e+01 1.981147183272205936e+01 4.238078515696249582e+01
3.344473824840193288e+01 1.499747784735570022e+01 3.690853353209364940e+01
1.037260715233258601e+01 3.567645279765692834e+01 4.100913556221596679e+01
1.258176705264477313e+01 4.860012299057832053e+01 2.640493111842178209e+01
2.315817359766100125e+01 1.663524872717382763e+01 2.793814132495987224e+01
4.034778932967223142e+01 2.146037258131082126e+01 4.208761117964130705e+01
3.510044530175869681e+01 3.251941562358992854e+01 3.913091563132598338e+01
3.083151835141634223e+01 1.021545971427109833e+01 3.634921777845255519e+01
7.918051711576648444e+00 4.029405686526001062e+01 3.027109789775246185e+01
4.220435211082507010e+01 1.893853940019583604e+01 2.133925758418673269e+01
1.729395590912465863e+01 5.423938384522627132e+01 3.544150057659597053e+01
1.896288957864085489e+01 4.915400162409193285e+01 4.403265033131100381e+01
3.315479774824090953e+01 2.483595925521671788e+01 4.266741172685751593e+01
4.039686220722818888e+01 1.676778203189103067e+01 4.094018629610843618e+01
3.793748591124266056e+01 1.376623758049893276e+01 3.672358979509296972e+01
2.246597008490344649e+01 1.580670480876625916e+01 4.067685991409970114e+01
3.008852252543627515e+01 1.155456854026616043e+01 2.772569062448436483e+01
2.763004392993656921e+01 1.310857952258507453e+01 3.408637227364749833e+01
3.553440103609257505e+01 3.604314847688663548e+01 2.723342552435911657e+01
1.569946217851437886e+01 4.810280948432072279e+01 2.222006475918521318e+01
4.622151225011417353e+01 7.962459950811587639e+00 2.761269874123588153e+01
4.649172123980528681e+01 1.251347198718271159e+01 4.114296389690835554e+01
4.585023927773397645e+01 9.629896358258672961e+00 3.998077165499256580e+01
1.029109827213275707e+01 3.142925021901024962e+01 3.629431553611466654e+01
3.950528797370430567e+01 2.370710834651638521e+01 2.076297142023911846e+01
4.581499851136170065e+01 1.474239253234745206e+01 3.234400370625212418e+01
5.211934086567445945e+01 2.936239549417690498e+01 3.497734951162453854e+01
3.083837745371695505e+01 3.708157529153559295e+01 3.556428431456068040e+01
9.751520972690649103e+00 3.246776894179649275e+01 3.852959626365456813e+01
2.085417950374471729e+01 4.889856287680854052e+01 2.054820302289225964e+01
1.961922047645042966e+01 4.620637343916042994e+01 1.885039573691392434e+01
4.463217854817516184e+01 8.843127055426649008e+00 3.769605164584424983e+01
2.165972709977030419e+01 2.008130134235108244e+01 3.503270682872066999e+01
2.718656157946147900e+01 3.908796025745584046e+01 3.331459802217647592e+01
2.953619700903850998e+01 1.448702434102101400e+01 2.853619855612924994e+01
1.448427027923308152e+01 3.910633664939854270e+01 4.085254076228756048e+01
2.375065911496245263e+01 3.493963923881492661e+01 2.617180701143324839e+01
2.332762596775357622e+01 4.179044874647106411e+01 3.859533156021083755e+01
5.045216014903492407e+01 2.056633486632329522e+01 2.277578024419318226e+01
4.202359539891693885e+01 1.516994795821044129e+01 3.856309968419967049e+01
5.041616228874013217e+01 3.236959747769292051e+01 3.145781451077286306e+01
2.531231295539468817e+01 7.530409118523591516e+00 2.452462040058517090e+01
1.076889162576868131e+01 4.634281397951721715e+01 2.987178912841267220e+01
3.244485628909378505e+01 1.504283966244837600e+01 2.728480522882357917e+01
4.606328016374186518e+01 1.209313090837052584e+01 2.219156033546394369e+01
5.310315920136572743e+01 2.408337370301299174e+01 2.727439932316295312e+01
1.742475431698240129e+01 4.110553071495201038e+01 2.270341198211895062e+01
3.465952540961644956e+01 3.685183295931030756e+01 3.282529045387962441e+01
2.708769405403532460e+01 3.357001550316679328e+01 2.437809714942025963e+01
1.884110448155753659e+01 2.835755520528793028e+01 3.297707336700791814e+01
1.148337434935495516e+01 4.763766437574336265e+01 3.415844694312981744e+01
3.717638357552006312e+01 2.412934385847310281e+01 4.240701496398822457e+01
2.128977744926508109e+01 4.386908429919383678e+01 4.009837294974988708e+01
1.663966411956594271e+01 5.133025302816723467e+01 3.755165857798793638e+01
5.097071067361198971e+01 1.410325133895370087e+01 2.235537982895932529e+01
2.650268803582455845e+01 2.201843267020641548e+01 4.244065983559342925e+01
1.182784881547360456e+01 4.872477896281660747e+01 3.018211583582679225e+01
4.845596296436333716e+01 1.663651379753305903e+01 2.148234388234134684e+01
2.252534170723678031e+01 2.779406622184817977e+01 3.864282215427061118e+01
2.169798507764824080e+01 3.370316259838807582e+01 2.619366791778622172e+01
4.625317948484311614e+01 1.752620050437620591e+01 4.154051244278143429e+01
2.420740940836464716e+01 3.756155353067380531e+01 2.558067115817005188e+01
5.024094997049052580e+01 1.984556519651228967e+01 4.046130386393519984e+01
1.863125554246925475e+01 5.168093004829596993e+01 2.545652986570801346e+01
1.967967953976671325e+01 5.092128606765898269e+01 3.568277884405168976e+01
4.600605651101801641e+01 2.979467684130761640e+01 3.976275017764964304e+01
1.217211203991445245e+01 4.150139259546320858e+01 2.309735759346690287e+01
6.795603161997439301e+00 3.510533858562198617e+01 3.587813540174487770e+01
2.344157686593466394e+01 9.906538871539984470e+00 2.257718978897867146e+01
3.670861282525295621e+01 1.578261395537687939e+01 2.375774761439445015e+01
4.959250427749916668e+01 1.343769361864336531e+01 2.987748493577823083e+01
1.357642140743627834e+01 3.510708525134920421e+01 2.206384234909040742e+01
2.819995082717625579e+01 1.591055880559861890e+01 4.266094847134099410e+01
5.002332274198652584e+01 7.274984624707419023e+00 3.689572348721561212e+01
3.171686826989943953e+01 1.353834570598406195e+01 3.934108055889015532e+01
1.803257604463647112e+01 4.131051700169090424e+01 4.015486687999814563e+01
4.817213409980741545e+01 2.647074123870056539e+01 4.073441029841430350e+01
3.125353744925898525e+01 1.142814817281430351e+01 3.995942274583664755e+01
5.097247319339224703e+01 1.860320634261626083e+01 2.274678569231941339e+01
2.589682523436207973e+01 7.945613213096980765e+00 2.740822047045363519e+01
1.608470779112079896e+01 3.070633422710105975e+01 3.027280354338763146e+01
1.002201680464229661e+01 3.361402211256542927e+01 2.321021173537557303e+01
4.583416284742077096e+01 3.058016321554734418e+01 2.364207560487478332e+01
