2.149071562431138815e+01 4.725565575266791996e+01 4.283619633144974159e+01
3.069932339470038229e+01 9.964680476786613283e+00 2.669551650178117441e+01
2.251100895510830213e+01 1.020414905664977034e+01 3.898478031755287532e+01
3.167205678771603417e+01 2.126292392459613012e+01 2.029624488761400869e+01
3.458390626596717965e+01 3.692772140867466391e+01 3.082578300764112456e+01
2.147607912090492377e+01 2.843896847008784334e+01 2.598319489047860387e+01
3.199838858165743716e+01 2.382764645217865151e+01 2.021083946494866268e+01
1.712931339983620660e+01 5.170379041462751246e+01 3.184707687084125283e+01
3.004834858581597601e+01 1.578511222285587223e+01 2.108973022953673038e+01
4.994034721816697697e+01 2.984912846820103027e+01 3.770423055541010626e+01
1.619556370878233764e+01 5.357911006559082523e+01 2.715396845136703519e+01
1.463560964273001552e+01 3.735185219907425846e+01 2.190565566438058198e+01
5.352693081836969924e+01 2.241781524593689667e+01 2.979125977927867552e+01
2.258594260216417382e+01 1.590250362436312059e+01 2.203842470954332455e+01
1.403249205876226746e+01 3.033054508242755887e+01 3.111627011940523602e+01
4.441601314778797160e+01 1.112405834929524673e+01 2.746368212450494894e+01
1.157217949157930548e+01 4.688245673218074216e+01 3.649629773181936798e+01
2.438297440729290955e+01 4.763103916128424231e+01 3.052386601744676753e+01
3.163630985845017918e+01 1.401635622554730176e+01 2.332351391652840888e+01
4.021484909616561509e+01 3.011573369188222671e+01 2.290714309315848141e+01
3.383862502312165788e+01 3.714160378455076739e+01 3.023278063967581986e+01
2.653293171683686325e+01 1.033071640429091786e+01 3.414909272368076643e+01
3.882830700652257860e+01 1.464211673331382357e+01 2.551869987299877707e+01
2.741969941738193839e+01 7.392457745254414014e+00 2.409803657858176962e+01
2.003984621057564297e+01 2.194813046079541863e+01 3.064567505170665385e+01
8.024231740377967270e+00 4.024850402924482751e+01 3.427246147536279608e+01
3.243586135670755510e+01 1.425658795411284885e+01 3.074471955619701902e+01
5.002649433807769697e+01 2.165561074468175917e+01 4.027056253829216814e+01
3.154566302084463558e+01 1.162849934714345324e+01 3.817896235456127840e+01
2.204253449133862830e+01 1.375074113540963516e+01 2.467169637424284900e+01
2.454166058123349359e+01 2.678690564934809260e+01 4.082531441719847720e+01
4.834580680681045095e+01 8.181711093643555088e+00 2.337776110890570536e+01
4.706765902942386504e+01 8.568935697619505021e+00 2.325866420609666818e+01
3.471712206474488482e+01 1.329948038425636447e+01 3.022613833796142302e+01
2.678920258525549514e+01 3.937666528549600287e+01 3.489089269896576440e+01
2.682401098960572483e+01 2.807511953159021445e+01 4.133610217168978807e+01
1.927985338550058003e+01 2.438632532537921094e+01 3.016467734170746695e+01
2.549635273463936969e+01 9.806987795576645794e+00 3.447720220081813380e+01
2.229797754483633554e+01 1.410129618183236389e+01 3.695006682892640981e+01
2.050212612234483700e+01 3.650076680543335783e+01 2.381596220480944481e+01
3.667144073109800928e+01 1.267010914999724847e+01 3.255602714379109131e+01
2.665228159106912997e+01 3.983717713721628684e+01 2.762679800373683747e+01
2.094503957269519034e+01 3.495981940741943106e+01 2.503106906383933961e+01
5.345044096073903717e+01 2.180725719744502555e+01 3.255967822348293339e+01
4.013804595641458661e+01 1.360923783526979136e+01 2.763074093861740366e+01
2.635107096634792256e+01 7.006847684310710811e+00 3.729057710075307597e+01
5.103694527224257627e+01 2.919443187428181474e+01 2.573665350718525957e+01
3.567311968225936880e+01 1.289213775627943548e+01 3.076939351368608655e+01
3.324919700358829289e+01 3.724949407197799900e+01 3.003525054644764225e+01
1.482301451422927840e+01 3.415573748503754814e+01 2.283039474426007232e+01
4.346422392928135281e+01 1.396858111621816256e+01 3.194833079714620183e+01
1.863630335457156306e+01 5.487398588800976285e+01 2.678880414447059977e+01
2.894305533437512068e+01 1.119115619725278776e+01 2.843503410922271968e+01
5.235370225693478829e+01 1.765077508109540361e+01 3.619087959567882962e+01
3.698437268145758594e+01 3.276832844830687463e+01 2.443076042161291639e+01
4.353098212305653192e+01 1.313689283862945878e+01 2.587549301446534145e+01
1.885205123032910635e+01 3.971208456707812218e+01 2.265858696826145291e+01
3.355020895122120805e+01 2.445598727467479705e+01 4.269418322279665290e+01
4.984542627589055286e+01 2.016919822632997139e+01 2.229820362127954780e+01
5.066711047313212646e+01 2.143372487448477770e+01 2.311939564079679243e+01
2.289578807788121750e+01 2.678952756222469134e+01 3.956547531556209663e+01
5.055804493925586485e+01 7.710384229086836072e+00 2.602528380040416067e+01
2.141790604998331560e+01 4.757425090280579383e+01 4.055578109899028760e+01
1.252455944939999277e+01 4.992507450840572858e+01 3.224420135522949238e+01
4.744700215217753225e+01 2.035396637247021090e+01 2.163505417011865717e+01
3.395968829762311003e+01 3.683661443956241044e+01 3.492461088596769514e+01
2.544541542909373177e+01 4.607160444213257477e+01 3.278149578468261183e+01
4.656349040099252079e+01 3.139257892795845351e+01 3.813295180385131999e+01
2.054112356083056667e+01 4.556297688787957156e+01 4.378550005691219127e+01
5.051725220965136742e+01 1.832714234591523450e+01 2.237006811772437231e+01
2.137724786660496434e+01 2.858077155334611774e+01 3.675341646115828098e+01
2.188887165741021690e+01 4.646599183862944926e+01 2.260628024441376738e+01
3.343822994537714521e+01 1.976199093214663449e+01 2.054246706082334839e+01
4.651939998869316639e+01 1.035714039895162308e+01 3.375609158478090421e+01
2.704589913821338243e+01 4.260289083767215601e+01 3.340064055975689428e+01
3.231263710396365951e+01 3.221610696663483253e+01 3.986497475541482771e+01
8.031145210943483548e+00 3.357226166926049871e+01 2.533024663368905038e+01
5.147816435856757522e+01 3.123906294838586462e+01 3.013080206512334058e+01
2.164100572712622039e+01 4.685827436715829464e+01 4.239688873905471667e+01
3.657430556542963274e+01 1.699742456921322997e+01 4.144690687373016402e+01
2.624696751976055253e+01 7.686988743755442499e+00 4.016395767045699472e+01
2.562390136950929076e+01 8.393009686836112593e+00 3.518412088736636179e+01
1.525171265556961231e+01 5.134742285953866059e+01 2.896820347171357923e+01
3.478856520469386737e+01 2.796104479606522375e+01 4.175542231744380217e+01
1.995488325931085427e+01 2.763125004280454533e+01 2.797109643285673997e+01
1.648111425032978872e+01 3.673752985871685439e+01 2.226616919553351437e+01
5.242043988380717678e+01 1.499177380288614714e+01 2.610968571954981599e+01
3.137476621291546408e+01 1.081437194400153423e+01 3.877814960942939138e+01
1.037050253839313463e+01 3.385716330997347967e+01 2.284851995506168620e+01
2.182608177042266107e+01 1.950723438463087334e+01 3.098948728794273677e+01
1.690717971834076039e+01 4.593092138797392465e+01 4.255803009213796884e+01
3.241700020706568353e+01 1.510363584127528469e+01 2.422172453805152514e+01
2.943769277172760113e+01 8.134217257721211070e+00 2.359319134666908013e+01
2.617887521192049860e+01 1.077031539310321762e+01 3.408350171843585485e+01
5.156416580153185691e+01 9.340267320895179637e+00 3.537279261948553710e+01
4.538821951797218901e+01 1.315600935987454356e+01 3.379920094176178935e+01
8.439517346741780557e+00 4.099511707850070508e+01 3.105591948178903294e+01
5.387872582787154130e+01 2.378328584407807966e+01 3.288019384424179492e+01
2.607644392306996650e+01 7.710522758309964253e+00 2.716128007644120856e+01
2.489396248551417656e+01 2.963591923241973092e+01 2.316862152824264598e+01
3.551823104789102814e+01 1.291696457889070793e+01 3.195672344431681466e+01
3.124089582361827411e+01 3.693731260214178747e+01 3.601525814292877214e+01
3.037261799771629711e+01 9.693227629722564131e+00 2.306564697501838523e+01
8.119491432047743373e+00 3.853353143296718741e+01 3.871639724457406828e+01
2.213965801674975964e+01 1.937309447612622648e+01 2.718431407816772349e+01
5.247780119748482974e+01 1.352718759346478805e+01 3.730334615122650632e+01
1.304011591501942569e+01 3.639205757800478835e+01 2.179578577739435374e+01
1.590563464590955789e+01 3.204619508543294160e+01 3.784872579665449166e+01
4.802873794213999759e+01 2.236841263047333683e+01 4.113912244079347147e+01
3.661081979810690257e+01 2.990055503294255601e+01 2.239066197449957230e+01
1.962296574116581027e+01 4.335946069032345918e+01 4.015238005463591975e+01
3.165907935979566901e+01 3.648885638490992278e+01 2.599541638458376624e+01
2.453343701710431901e+01 2.601535628275451728e+01 2.190182686796092071e+01
2.845154229344655761e+01 1.084740022389406278e+01 4.197569055423285533e+01
1.352258066251395263e+01 3.096236841944625695e+01 3.702723818727773164e+01
5.167735371104776476e+01 2.416285296022165241e+01 2.464802522378539607e+01
4.364812808499372210e+01 1.563110649473832936e+01 4.052329440049818743e+01
1.478472367862968717e+01 3.659650727128629200e+01 4.108325667868028575e+01
2.292263344726076824e+01 1.512338108366565059e+01 4.139137555594103901e+01
2.093029655758322960e+01 4.873145630144897922e+01 3.638106720303005659e+01
2.478736814484332385e+01 1.327933352091948649e+01 2.877342058353439214e+01
7.704532174943103051e+00 3.869993409701113762e+01 3.774295242472695122e+01
4.653261900842537102e+01 1.006375181739335289e+01 3.382722601797267714e+01
2.169095827651293007e+01 4.789995011102666922e+01 3.590459511778886537e+01
2.166564072932844809e+01 4.724797645890715359e+01 2.035297423500248826e+01
5.051788843920522254e+01 1.372697321226463174e+01 2.208788878021428559e+01
2.250994794915430219e+01 1.026441969740891480e+01 3.793095548301249664e+01
2.925628781644259391e+01 1.174091687365079473e+01 2.828996673902367576e+01
4.397669971985150283e+01 1.321190856141665648e+01 2.743026615738509832e+01
1.486361154756082925e+01 4.813063809118359870e+01 2.421772624414043307e+01
2.917810025957001585e+01 3.319041373370922088e+01 3.936666908240447071e+01
1.717469884198552421e+01 3.623013257415330202e+01 2.254647120797380921e+01
4.432150233728162902e+01 1.276230673244623226e+01 3.505375553277084322e+01
8.845900984039575476e+00 3.202213688857054308e+01 3.060161628426891411e+01
5.324016831920616255e+01 2.609417210534854092e+01 2.731732401065947968e+01
1.727861870798026089e+01 3.070104639115037060e+01 3.291150324457931475e+01
4.744512870268394522e+01 2.378393833955033543e+01 4.129897115550114250e+01
1.570095913156445278e+01 3.634104766589743463e+01 4.087493001795704117e+01
4.851807981692689253e+01 6.901483055246438347e+00 3.719610935543173014e+01
1.200205886260642352e+01 4.116054176258645469e+01 2.301265059257278978e+01
1.136518187567628146e+01 3.607492391355445704e+01 4.121405347429980282e+01
4.845161901122673953e+01 1.001169899639749872e+01 2.952787440754355686e+01
2.210899990665452108e+01 4.582048258618328873e+01 3.895816318423888447e+01
4.833416175772573808e+01 1.279676844582623119e+01 2.993119228682400390e+01
4.680525295880693193e+01 8.129512541327732933e+00 3.464935977153321289e+01
4.658526689616430616e+01 3.419754704561228920e+01 3.329677368345357280e+01
4.499360109529706619e+01 2.922581563516645886e+01 2.260884014633153782e+01
2.619323637797363347e+01 3.895761475386133554e+01 3.612804600588513182e+01
5.102053225494761080e+01 3.149035187634523680e+01 3.366709034963680836e+01
3.230966117539450266e+01 1.448696714975657152e+01 2.936162530191780462e+01
1.984449334580116187e+01 3.980580990567934663e+01 4.003181583980970260e+01
2.477046904696528884e+01 9.245169495160215689e+00 2.788148834883386584e+01
4.999672118076052385e+01 2.467836424996374589e+01 4.005622014814627363e+01
2.582290658289077001e+01 4.403886618983143109e+01 2.811764241431841782e+01
1.071785563695835641e+01 4.571132784495622303e+01 3.486236698451576643e+01
2.355775525620735422e+01 4.556816218329861812e+01 3.610440371661509573e+01
5.158474262568800839e+01 2.421469020118848192e+01 3.847791531319259661e+01
8.618319857581404619e+00 3.417678071449937960e+01 2.373919428889469430e+01
5.048533405441840216e+01 1.048713044109091008e+01 2.264442411063915017e+01
3.502347252220648954e+01 3.623822043537053617e+01 2.709512928621941796e+01
5.043985398402283948e+01 3.181263410676516656e+01 2.840864624210893652e+01
2.953212507482535898e+01 2.993539432936575651e+01 4.107704822146897783e+01
4.053447537450371385e+01 1.650146945952905497e+01 2.262951505895571458e+01
4.561418481512985323e+01 1.042892068604817624e+01 2.871052046929375479e+01
3.803109886103385406e+01 1.687958914562848278e+01 2.200774523020329454e+01
5.234433062687810434e+01 1.206514591291837135e+01 3.803066386260445597e+01
2.799363411465756712e+01 3.707144336055517897e+01 2.762135466950208951e+01
3.813530740149238341e+01 2.259325954948057102e+01 4.237649100512552991e+01
2.709889226058858114e+01 3.645217132374611424e+01 3.615904376023306810e+01
3.380997969961461536e+01 2.758357782331276553e+01 2.092295115221542190e+01
2.667150067224176979e+01 2.942595046404735371e+01 4.074906405425582534e+01
1.540914349156461505e+01 4.265195631543777210e+01 2.300899029492154924e+01
2.026913652969217594e+01 3.352165264646637155e+01 3.726876243281305534e+01
1.082124092069123478e+01 4.657710125416633673e+01 3.219234536476697883e+01
2.215968786806704927e+01 1.733018518248369588e+01 2.352625024423362632e+01
1.182738899862524917e+01 4.881596595582635700e+01 3.208237332099557193e+01
2.660864049954937727e+01 4.131274467331053302e+01 3.556875653997940390e+01
2.561851315354212488e+01 1.627230389998023696e+01 3.161288769414805699e+01
2.721775463286984120e+01 4.213951074402745434e+01 3.336705190733558624e+01
3.170836999006818502e+01 1.406845531419937245e+01 3.977974125852212950e+01
1.074169646912798548e+01 3.897251443548464067e+01 2.246259416833231981e+01
2.341795310192703994e+01 3.331107051378344863e+01 2.618519838837301705e+01
4.423827680691458397e+01 1.530742319209735669e+01 2.253469651679492003e+01
2.232056189328883278e+01 1.465635648143605785e+01 2.269595398107762563e+01
2.793168797673342851e+01 2.244230413510966926e+01 4.258260845187717081e+01
4.986512172288399825e+01 1.746395381429221771e+01 2.186211942831931765e+01
3.011166698289499877e+01 3.731989293577632338e+01 3.463558835827497973e+01
3.456210016251498018e+01 1.781256457172719365e+01 2.132618121028444946e+01
3.054271039792143938e+01 3.559392034921033598e+01 2.504531803611629215e+01
3.711396008792062418e+01 3.593299569356272372e+01 3.033910948138074559e+01
2.187142586751344453e+01 4.745558456606300268e+01 2.664765006365149702e+01
4.707696992907166589e+01 3.391004726299212280e+01 3.404308218277838449e+01
2.152781152580819324e+01 2.084090751950002129e+01 2.672618960456640735e+01
2.331101122444599483e+01 1.134484410769210427e+01 2.193588889441724987e+01
2.578851629631026299e+01 7.293694888749201688e+00 2.554176293340095327e+01
2.205441901362758728e+01 1.888784291709103869e+01 2.500647102820149925e+01
3.767225789800571079e+01 1.950371145844639642e+01 2.081950001603414435e+01
7.780053010704866878e+00 3.885594229287389823e+01 3.768244339591511505e+01
1.131861849685567201e+01 3.205825170062836804e+01 3.904894384642433636e+01
1.530251120507083940e+01 4.879584586367423071e+01 2.452674440652839039e+01
2.231749905345793650e+01 1.904284298862410552e+01 2.760351842420944024e+01
1.986403886225480164e+01 3.289104909901266893e+01 3.681628719690548479e+01
1.954390789925944816e+01 2.300651947011135334e+01 3.114863067897683990e+01
6.545202366210405742e+00 3.521085219207607508e+01 3.135897946212357112e+01
2.853802744473669506e+01 3.341480010069090412e+01 2.376848492292167236e+01
2.814786560969530171e+01 1.242515898389171447e+01 2.067670986719772230e+01
2.284714410966937237e+01 2.360379390979627701e+01 4.022247751757424084e+01
1.042075747168841104e+01 4.554239069434599685e+01 3.170018178755804783e+01
4.684330956475318430e+01 1.188814954077082753e+01 4.117409484464172209e+01
2.299137208569720059e+01 2.374445879513049462e+01 2.258355128225055708e+01
2.440882196138182891e+01 3.982534514989028196e+01 2.480990469336896354e+01
4.793607076236890663e+01 1.774009205124534461e+01 4.156783907244343368e+01
2.030712488765185952e+01 4.934962636155427163e+01 1.982508664930846365e+01
3.739172908464512801e+01 3.501065735726901806e+01 3.572067516710004753e+01
2.622154289569952113e+01 4.509654941491825753e+01 3.091626616936095573e+01
3.021788480428508450e+01 1.337019054101363835e+01 2.154467732256588874e+01
1.162744896768625580e+01 4.365799084118095408e+01 2.412234498309039310e+01
2.876688284063380863e+01 7.298029526503398756e+00 3.825478071914510991e+01
1.901877097945808970e+01 5.270503498773032902e+01 3.742716277619612697e+01
2.255035621287065695e+01 1.026648343436815836e+01 2.458623431061513642e+01
2.209310613545991586e+01 1.873050119481833065e+01 3.890490806748093178e+01
2.271152639769786674e+01 1.311737876066482933e+01 3.616528781235324175e+01
5.156814544371721354e+01 2.593075691749047706e+01 2.458370668650123037e+01
5.191419881478535103e+01 2.278997221197684553e+01 3.815199848222433587e+01
2.581915323491709557e+01 1.244286059608664097e+01 2.044672727486421593e+01
2.253366874787945306e+01 3.191902752452505609e+01 3.670527878715880377e+01
2.543090314908355154e+01 1.733565294109045141e+01 4.271617545068788502e+01
5.170524795316135425e+01 2.934713560610129335e+01 3.577054134825215925e+01
2.142270327268363772e+01 4.988213366365452117e+01 3.369338757426059061e+01
2.161066476182662655e+01 2.560215178877228581e+01 3.823247330486602635e+01
3.458937687538362837e+01 2.229277993089679200e+01 4.269094323203063368e+01
1.948256965819382458e+01 2.326804452250057054e+01 3.218022662377013887e+01
1.404222955680268470e+01 4.647876145547503057e+01 2.396905633088046272e+01
3.569379436529784044e+01 2.956216913598502316e+01 2.204577287505376759e+01
2.229480201209775103e+01 3.003452880294822691e+01 2.585509760924924905e+01
1.165880912215261134e+01 3.068108195273217831e+01 2.983522839864978948e+01
2.269348488741528058e+01 2.931936834021002625e+01 3.791243396573657520e+01
8.948466750128524438e+00 3.847918235406257992e+01 3.969550555396514824e+01
1.702028634553705189e+01 3.613006580587503436e+01 2.253050705252706365e+01
4.062796948179160239e+01 1.284277495208653974e+01 3.205298493032336182e+01
2.670024012951972026e+01 4.390058553532658436e+01 3.058833911706717146e+01
4.315946914844528948e+01 3.030611786156705278e+01 3.963296939486651382e+01
4.976861521521475851e+01 7.394676842028965247e+00 2.565457573905739963e+01
4.871930322476799091e+01 8.057071630461612344e+00 2.351254379240157988e+01
2.229939167124783950e+01 3.156156337992723593e+01 3.661946977916364432e+01
4.765712741706312272e+01 7.686630124627633620e+00 3.487015912215544233e+01
2.057317074648817723e+01 2.962312467510383840e+01 3.557089313603398750e+01
4.935942034445660198e+01 1.030714063424349192e+01 2.951871466278953449e+01
2.656775327388406538e+01 2.115516908290614140e+01 2.044849690720163693e+01
5.086484378308335152e+01 1.273111087887992099e+01 2.233607282450970288e+01
5.359480788769282356e+01 2.251741803370892114e+01 2.999914008323984405e+01
1.770863511175717520e+01 5.169832875510230252e+01 2.493928443249087579e+01
8.479450071105697262e+00 4.106148152113784988e+01 3.045524376327701788e+01
4.705594767723633964e+01 7.356989810251161721e+00 3.561678192153340916e+01
4.813374865549340598e+01 9.848411114566637536e+00 4.083104520488563338e+01
2.139027931511319025e+01 2.132376093781381954e+01 3.710993215517491706e+01
2.589117899804852385e+01 1.955973750183213866e+01 4.262239919513865516e+01
7.063280082505792201e+00 3.891361050665870636e+01 3.421006691485606410e+01
2.541719355124473267e+01 7.489709392429614532e+00 2.455589230717921012e+01
1.903751779851425852e+01 2.546628550411577407e+01 3.130522252496690783e+01
1.128965067062036987e+01 4.762929218337947646e+01 3.102597424963526862e+01
4.513111125320379813e+01 2.734390229914785664e+01 4.112606922535256615e+01
1.907522214065753374e+01 4.983990867998808483e+01 3.775332257428846106e+01
5.187590674405960556e+01 2.820616726520909623e+01 2.612014624263490248e+01
5.277833371186346056e+01 2.215805524237637414e+01 3.626342394232931099e+01
2.049152088715502273e+01 4.886168692290378601e+01 4.146135183767450627e+01
4.003271797949157929e+01 1.477022500933746052e+01 3.757055176712535882e+01
2.050266209185094368e+01 4.897219214381905772e+01 3.774122007477068763e+01
6.382408147139681631e+00 3.589781725886342656e+01 3.128190556309935388e+01
3.357121970201006889e+01 1.369741088122074579e+01 3.135696220023795178e+01
4.590052556656350902e+01 3.085597041865498014e+01 2.387446598627998284e+01
2.221239275084320042e+01 1.813015837133158570e+01 2.581986083977865576e+01
2.212697129307846922e+01 1.855050327275302280e+01 2.538416093019327491e+01
3.080652935983843932e+01 3.636585617426225525e+01 2.581524446889390134e+01
4.844160737249108450e+01 9.838584640864556974e+00 4.081755635040003938e+01
9.445623271397085574e+00 4.137058317518684447e+01 2.532301317297464394e+01
6.478601728876426158e+00 3.677964275580919917e+01 3.508047901539675451e+01
4.634609533642013446e+01 1.475879085937016022e+01 4.130111374553303705e+01
3.596418675010856703e+01 3.147749280259223781e+01 2.328690381608906534e+01
2.081300356267839291e+01 3.117792653812710313e+01 2.710236962016548645e+01
1.771692810223296632e+01 5.172782600847850176e+01 3.347640238862250328e+01
2.069497281932604693e+01 4.355291242451490774e+01 2.312337947553861284e+01
2.437813316870664693e+01 1.572963846582089431e+01 2.877785253505810559e+01
1.266513441736276846e+01 3.533177020336420071e+01 2.190864671390895069e+01
4.812345173534760789e+01 3.365783440043854569e+01 2.975658781806854236e+01
1.927748964034821455e+01 3.773167826005840197e+01 4.016626233753672182e+01
2.557627110245499580e+01 9.158872215432054986e+00 2.179521550456747292e+01
1.592987225995213052e+01 5.334947325055135536e+01 3.693873204106613883e+01
4.661434680781214013e+01 3.354314937263545460e+01 2.751647919476535620e+01
8.677520024390133813e+00 3.309946311570544708e+01 3.834530124628291503e+01
4.361066919365990202e+01 1.276880865815763322e+01 3.810687679064673716e+01
5.010564428282027905e+01 1.380241274132001905e+01 4.109619018270224444e+01
1.807706736491729060e+01 4.391655503786632408e+01 2.309575930250541731e+01
4.884721096564631893e+01 1.065242804721692949e+01 3.331277355214352554e+01
1.495762036683731999e+01 4.022863859119432561e+01 2.238934260676128218e+01
1.042199770425507666e+01 3.159087848432118761e+01 2.642953087957033276e+01
2.595655474529284845e+01 3.754960099254605410e+01 2.706941812438259021e+01
2.851942009832811920e+01 1.084831410484025227e+01 4.195111685138171964e+01
2.240965054535556078e+01 1.816002711688860316e+01 3.606345421665339757e+01
3.370449566751290149e+01 3.712624424437161963e+01 2.921086270955324338e+01
3.109961843761617928e+01 3.622031460974007189e+01 2.564753770009515677e+01
4.108786404399477021e+01 2.549904437969126292e+01 2.103779835905120521e+01
3.779562253347063461e+01 3.101908086553062560e+01 3.954063838447508772e+01
2.747725093702513277e+01 1.624014332322712661e+01 4.280086429234796697e+01
1.640845947982743169e+01 4.743594510163894995e+01 4.258507517702193468e+01
2.832166700638011392e+01 3.728824942854331681e+01 3.472778159068435855e+01
4.918925708811081421e+01 1.208625211341241190e+01 2.983215302207393904e+01
7.835709196495838746e+00 3.473341023177096076e+01 3.902891056575696638e+01
1.590234567025059320e+01 4.910941051179619876e+01 3.815617272034027962e+01
2.117113603786646081e+01 2.024367822652340010e+01 3.198916487080560245e+01
5.192872104739961969e+01 2.967287361667570167e+01 3.492370988979769919e+01
2.228538688426331404e+01 4.201065450071759244e+01 2.392011429165645353e+01
4.906472965823665078e+01 2.196364757070935170e+01 4.073215444863527779e+01
8.312805002981653146e+00 4.081168413040965959e+01 3.163260812420487866e+01
1.774055887384302821e+01 5.508731923788964480e+01 2.597287842545900105e+01
1.487277681784671657e+01 5.127402669358743026e+01 3.357037855649501523e+01
2.846441087984985074e+01 3.423148628670225690e+01 3.853316280179031139e+01
3.615416074661811763e+01 1.594881708298676948e+01 2.351315968591950067e+01
5.294428215450595587e+01 2.598885732823303130e+01 3.624641618444519509e+01
5.015920592598999406e+01 1.403688651404034893e+01 2.189343282585809902e+01
5.057476006810381364e+01 1.486370870564508806e+01 2.217496337980220389e+01
3.510881097741755497e+01 2.626774827601335360e+01 4.227047540224489808e+01
4.164718312711580950e+01 1.444392899200711256e+01 2.707669963029090354e+01
3.834708038787233875e+01 3.548613686787509636e+01 3.155348574088327496e+01
4.645747523911429511e+01 1.093685307265620743e+01 2.236617385868721897e+01
7.865456615742942859e+00 3.319279537669150670e+01 3.634802480625481280e+01
5.329719063540040480e+01 2.490057005953875802e+01 3.542119724591725571e+01
3.838231373716445916e+01 2.664037039867833911e+01 2.105818073369390575e+01
1.306863681726045812e+01 5.046142564699508881e+01 3.079102444241777548e+01
1.787608272258654196e+01 3.459256390597715125e+01 2.367363712593027714e+01
5.232741535913918085e+01 2.490151489332002299e+01 3.740986247314020119e+01
5.266695662959585889e+01 2.757961567844611039e+01 2.697902883147177633e+01
1.414016970928812000e+01 3.465533796941420519e+01 2.239899170324184041e+01
1.575747235360694809e+01 3.121790470823519925e+01 3.639961294804683689e+01
4.032178676464052813e+01 1.284974991623067808e+01 3.270964553690400578e+01
2.097391101790296375e+01 4.411558733900110241e+01 4.127443841735914276e+01
5.090243573741342686e+01 8.836426269914452902e+00 3.920012299599831351e+01
4.691867347388088660e+01 2.112515887548576998e+01 4.140919887322800719e+01
2.944006528142200807e+01 3.759337299891551964e+01 3.233654877229214009e+01
2.096371990881862857e+01 4.963332417754435255e+01 2.810172582744916525e+01
3.263725832007398253e+01 1.869521682241001415e+01 4.227582121915694557e+01
4.321723194933657197e+01 3.415207046462508345e+01 3.493823562553959050e+01
4.199674658362989987e+01 1.402005379953812358e+01 3.508217285169514099e+01
3.657060845007089256e+01 2.235086470791966917e+01 4.249182846584490392e+01
2.169173792608502538e+01 4.923891279645795294e+01 3.419125473013392735e+01
1.096264617558419907e+01 4.540303738377379972e+01 2.600078003657180403e+01
3.705161605994467777e+01 2.819905228267883501e+01 4.135607743749353205e+01
2.532305963683748473e+01 1.645101454343132730e+01 3.199064783297895431e+01
2.418216481287760899e+01 1.186407664962832698e+01 2.107448310115702839e+01
4.904197737006395386e+01 3.327411098828302727e+01 3.072431090345913773e+01
4.493851567019810744e+01 8.350690267725081384e+00 3.647754973386721389e+01
4.820671166299504762e+01 7.665000874957848431e+00 2.402106628564994040e+01
2.696047540198020442e+01 4.338022831521244171e+01 3.112576798986689397e+01
2.384856802050367719e+01 4.577584693477209044e+01 2.730867241218050623e+01
3.339075340778096290e+01 2.180485266353659313e+01 4.272623479227337384e+01
1.546212616617464519e+01 4.249007513650612822e+01 3.997032960303487670e+01
2.745855038644720381e+01 2.129202477746059330e+01 4.262879567583944151e+01
2.023103169582397243e+01 5.108958918015127892e+01 3.100515842231611074e+01
2.371152811497564272e+01 3.253449198741184034e+01 3.710217930640349948e+01
2.108216423660057615e+01 2.128665576380043234e+01 3.557622200915403710e+01
2.279831721752308837e+01 1.805265922841525494e+01 2.777832850520248442e+01
5.072782199608431597e+01 1.507370037874859925e+01 2.228081961248470577e+01
3.425517125256681794e+01 3.667779419072012814e+01 3.512235793834697262e+01
2.619777278295683232e+01 4.452301761899708055e+01 3.328582995928192645e+01
2.997482885912254247e+01 3.011046989704839660e+01 2.182225107427580113e+01
5.324043216609442197e+01 2.677285715721199111e+01 3.543031243544837849e+01
1.203296223407032528e+01 3.053778840847606091e+01 3.322511823963040456e+01
2.984217837119950190e+01 3.747971759076758502e+01 3.330380725562944377e+01
3.059039258796504868e+01 1.175077867789969233e+01 4.100009373756294906e+01
3.485161260535693373e+01 3.590847468061376446e+01 3.632264005215215263e+01
5.015407888399597880e+01 2.359411065229227589e+01 3.998656255564051776e+01
2.702924978152968194e+01 7.045025164808655482e+00 3.677848742349864608e+01
3.589721970197758338e+01 3.640373478998658641e+01 2.996518657485373183e+01
1.908197562039498862e+01 5.095377714980703843e+01 3.716493436500675784e+01
2.364635150322846613e+01 4.252581964941836645e+01 2.466894479091530101e+01
3.420631675013252959e+01 1.785953616652980713e+01 2.129831811088902782e+01
5.243927334003203100e+01 1.261506333156834003e+01 3.759117647291675723e+01
2.959432718694387177e+01 1.435798385717665404e+01 2.095367149412443908e+01
4.024707065395407568e+01 2.586506333564829063e+01 2.101773774086518287e+01
4.689929777559783020e+01 8.014345195444636971e+00 2.817380200782139354e+01
1.741898454211221292e+01 3.492302648852263047e+01 2.322788109592705297e+01
9.609444869583283477e+00 4.302911268908793119e+01 2.901121112810355029e+01
5.277709116409756263e+01 2.386550149506330953e+01 3.648613267076873967e+01
2.376989175998574666e+01 9.871802018718220495e+00 2.733735773358760568e+01
4.045207149369936417e+01 1.278407540246363894e+01 3.198974559892583969e+01
5.190035290667585599e+01 1.980495280101348499e+01 3.849653933830730068e+01
2.875152067464693317e+01 1.618602130440509157e+01 4.252071823684368468e+01
2.208131365013788638e+01 4.654239392646627493e+01 3.718611191362040103e+01
4.166636020981583499e+01 1.443507326432246884e+01 3.642023530370104112e+01
2.009988732284386259e+01 4.945607672234961427e+01 1.961986048192060039e+01
1.660769082363179550e+01 4.915563170705535612e+01 2.239524203641055067e+01
5.304412533966537069e+01 2.559277791540908353e+01 2.692173409564917819e+01
5.112007075973831860e+01 2.648505761125734281e+01 2.418780147619546739e+01
5.037466518166547758e+01 8.830471421645011532e+00 2.360006970981612540e+01
1.634092210622983288e+01 4.896572134577079538e+01 2.227295687168587790e+01
4.779817224850124546e+01 7.223046992540908207e+00 2.710829926239146204e+01
4.539914817550092607e+01 1.847263857175514801e+01 2.151570656766662282e+01
2.480768457240856151e+01 1.065634733904357390e+01 2.121177127395363726e+01
1.644931323632005871e+01 5.407613866098635924e+01 3.613792548967972351e+01
2.716482714436963875e+01 4.064150349585010957e+01 3.425361273006339502e+01
2.760040775382314138e+01 3.051626113641776072e+01 4.050383542549761273e+01
1.959207483828831187e+01 4.971775750156697882e+01 2.439689443326890483e+01
2.189981845637555935e+01 2.681596207865309367e+01 2.459176103114889145e+01
2.041661347536125248e+01 4.966115264445192423e+01 2.684779446423365101e+01
1.988160183978678219e+01 4.256668460782471186e+01 3.977469430240715553e+01
1.000742927578378172e+01 4.315044057865736704e+01 2.649308358387499140e+01
8.110151527245681891e+00 3.436982239608206413e+01 2.401546648583374122e+01
6.880366936893382857e+00 3.525678257278473637e+01 3.675346530326039840e+01
1.084127395938151572e+01 3.873362843389897847e+01 2.234612501924108585e+01
3.208313103688865908e+01 3.687573153417191207e+01 2.671587525682064523e+01
1.870693673502752574e+01 4.118910301474610236e+01 4.007692028473229584e+01
9.771940615013624765e+00 4.080775017433529683e+01 2.423725449302854784e+01
2.602303279388534918e+01 3.840932778734632080e+01 3.610814916400893537e+01
4.606262091844914153e+01 8.375418422780905203e+00 3.485362777439859627e+01
2.020731719402957083e+01 2.580537902370942760e+01 2.727298116440140774e+01
9.919532235606451920e+00 3.496675315182041999e+01 4.073953463795007224e+01
1.700779294108848561e+01 4.948997429519947389e+01 2.242881298092106235e+01
2.886953585541848355e+01 2.002458333710400495e+01 4.275709331433824900e+01
2.308485921851097444e+01 2.740918981845386071e+01 2.340313574165431731e+01
3.081598391092708766e+01 9.470857056139717400e+00 3.680464647032370351e+01
9.203112392853547874e+00 3.175780082484919831e+01 3.244726004366528116e+01
6.440587137358191328e+00 3.755499623444519131e+01 3.213318418427458312e+01
4.885112215429195714e+01 1.563271136830785579e+01 3.233984980294785316e+01
4.247845425016738830e+01 3.200803288665870383e+01 3.824019947824689325e+01
2.435368692724371442e+01 3.377210099751124517e+01 3.695593005704698442e+01
2.853163319869107895e+01 2.092790347610662494e+01 4.270347713505750420e+01
2.205813864856307660e+01 3.406556248074393523e+01 3.703977810710479446e+01
3.103254943828318346e+01 1.028234453586784980e+01 3.961680802379885336e+01
3.434043965800129428e+01 1.401245216896174206e+01 2.802363513307345499e+01
3.266457618731475776e+01 3.352200938657743734e+01 3.910906966445217847e+01
3.824899464406397698e+01 3.270030637407958807e+01 2.477741941573033557e+01
4.466878170961638261e+01 1.164575906348927958e+01 2.333949045210808748e+01
2.245483492396825653e+01 4.462165725676380390e+01 2.430147804039017956e+01
2.764253941938795478e+01 3.381837552818510062e+01 3.853276259797898007e+01
4.702334058012490203e+01 2.677252203502176897e+01 2.188932727944344236e+01
1.725956955794757164e+01 4.017642301861747711e+01 2.251970552713584794e+01
4.074608472703896211e+01 3.072371468012851992e+01 2.342044421379248931e+01
5.042157319238532409e+01 1.664443363043071855e+01 3.259138536609734871e+01
5.352966850734198090e+01 2.388580486075645126e+01 3.437929790282701248e+01
4.044511026088301975e+01 1.466740252146270507e+01 3.731488956686908409e+01
2.796281486416321727e+01 1.470712050879249233e+01 2.908089595042757480e+01
4.217041007438693612e+01 1.561521987186599603e+01 2.369945265830557446e+01
3.751045616846292319e+01 2.011530041718712880e+01 4.229127458103516801e+01
4.604215979542149739e+01 1.152696591424806627e+01 3.372130248866464797e+01
1.244196314498749345e+01 4.178313301359354170e+01 2.313466739450902310e+01
2.164650325552418764e+01 1.969738900831787731e+01 3.154045612899341933e+01
2.530521849455200112e+01 4.665928135023048640e+01 3.191826361110232213e+01
6.687290103265764785e+00 3.624882788876916351e+01 2.648106893560716557e+01
2.313203442337651339e+01 3.882181626852255363e+01 3.882049565491075782e+01
5.172761085351729093e+01 1.972263220541356432e+01 3.885724213515982228e+01
4.987457974856910425e+01 9.859292135829335280e+00 2.257012485810594526e+01
4.903597486144202833e+01 3.122507264503630608e+01 2.568842778815924532e+01
1.088574286553840054e+01 3.088088051224087138e+01 3.261138159600751862e+01
4.680792240679582505e+01 1.817948186517828546e+01 2.141143976573524910e+01
5.263211005970709522e+01 2.916598044419865587e+01 3.399387611152381794e+01
8.586910288913211176e+00 3.514369737373203861e+01 2.311180187726597524e+01
4.699356824237764840e+01 2.186322775419328934e+01 2.162028589670839196e+01
4.453999734166605151e+01 1.519013340778827192e+01 4.068779606231019841e+01
4.183872091455496900e+01 2.221888166169316037e+01 2.104301167392495131e+01
1.215180178876098438e+01 4.302962345548935730e+01 3.926406998726476161e+01
4.139427409369337596e+01 2.258852867371051687e+01 4.205825486108102496e+01
2.542084035733736869e+01 1.667169904253121615e+01 4.273087822510686351e+01
5.283923272815544436e+01 2.531091976750296269e+01 2.655312554295420568e+01
6.658553509964987960e+00 3.822578897115203489e+01 3.360733959120426562e+01
2.906722025071005788e+01 3.768585819256070124e+01 3.116729127495715090e+01
3.758494538576979238e+01 1.315933748656281210e+01 3.531327438066789881e+01
2.983683472955037885e+01 2.921364546388944206e+01 2.141884564100601551e+01
1.061557716596002621e+01 4.579612001446000136e+01 3.366418254189032666e+01
2.966197553133499198e+01 9.336744559884827765e+00 2.261540210784496452e+01
4.416809546115510443e+01 2.441727064159643490e+01 2.118681529837621369e+01
2.435885413333109284e+01 8.006201873846848116e+00 2.447291887705319624e+01
2.792680670654150532e+01 7.250803891395000811e+00 3.911844935958060887e+01
2.448550777389725752e+01 9.557188077663848702e+00 4.129769647696972612e+01
4.259795740508405260e+01 2.422850306516408381e+01 4.197232104813340925e+01
4.235962698599873022e+01 1.390513830134429440e+01 2.895687961389476328e+01
2.782806889785150162e+01 7.152191891991688699e+00 3.880569417341926908e+01
3.049728353607315512e+01 1.744862778964766292e+01 4.225962422417488540e+01
1.469540690103002945e+01 3.072396269461014384e+01 3.552499772699304970e+01
1.436224363684548777e+01 3.091406826611041581e+01 3.652612174464680095e+01
3.273058359082656921e+01 1.771941887280933869e+01 2.132072302692150956e+01
4.080982756933514821e+01 1.505386491096030710e+01 2.551738677750712725e+01
2.998939895069233330e+01 1.930626275569026262e+01 2.036389339719236347e+01
4.184486989788329225e+01 3.260217758979312919e+01 2.523627496374312784e+01
1.112739541818769951e+01 3.088042230567128499e+01 3.472479877733426434e+01
4.259372507328895097e+01 3.477524109412459552e+01 3.152931994772691482e+01
4.245967992784056122e+01 2.923194968637872648e+01 4.040047010635002778e+01
2.406106077815246991e+01 1.240578081369919516e+01 4.208662839864339844e+01
2.567394163923822603e+01 4.228495097774911926e+01 3.646970622417867247e+01
3.909475458085814381e+01 1.341847038324111807e+01 3.580561362966377459e+01
5.239222260970955602e+01 1.460459660803275916e+01 3.775388169944083927e+01
3.081563678216566160e+01 1.487214469899935132e+01 3.373970560799482854e+01
1.678229747673771399e+01 5.324236448478363570e+01 2.486774089786115383e+01
4.465608257222210398e+01 1.391901604413297910e+01 2.901741243682851845e+01
2.082918174828720481e+01 4.016183187635638063e+01 3.978084535045134373e+01
3.517251157230943193e+01 3.641261786020121605e+01 3.480855925571374598e+01
2.052193868034565227e+01 3.108235496919688501e+01 3.572065057540280719e+01
2.470670772688664130e+01 1.343087590668273634e+01 3.425383475053442339e+01
4.894765826162263522e+01 1.349020953029408432e+01 3.297319951957631901e+01
3.614601719371371047e+01 2.271138304602271418e+01 2.047532900233152731e+01
1.696155059892129202e+01 4.000163964919285320e+01 4.054251187545374790e+01
3.520199678113809227e+01 3.102992354556709031e+01 4.000376438934765844e+01
2.411805213919032198e+01 1.304334391535445192e+01 4.223305290854755611e+01
5.207023647328207261e+01 1.099615568114795394e+01 3.551787939362739621e+01
3.307936966604734152e+01 3.165513658752868764e+01 4.004278507251920871e+01
2.493640161929080179e+01 9.747131739618865254e+00 3.472544106207148928e+01
4.653863682762180787e+01 1.053318288369620959e+01 2.928180388318746452e+01
3.123262449676786900e+01 3.643572058141516834e+01 3.687145025715539504e+01
2.219300820080748693e+01 1.914383901852556846e+01 3.536249080164300551e+01
4.331908843652878716e+01 1.347404523575568724e+01 3.755081072810083498e+01
1.875640414048456250e+01 2.907564524272466855e+01 2.991771040766941425e+01
5.091743297519999345e+01 1.330194317716829211e+01 2.938182279738009228e+01
1.757910690265366327e+01 4.488491460799328081e+01 2.226413245610550717e+01
