1.390185550186819796e+01
3.041432759113338324e+00
2.761620469282427326e+00
2.665583974210614659e+00
2.602792052905680276e+00
2.549015480954607504e+00
2.498126313921657626e+00
2.448265662154374134e+00
2.398822177375786069e+00
2.349595506061417094e+00
2.300532484043534165e+00
2.251637060953258551e+00
2.202937673240307870e+00
2.154474594142806954e+00
2.106294424977500856e+00
2.058447187580033866e+00
2.010984404974576645e+00
1.963957616141438267e+00
1.917417153051463208e+00
1.871411139052788553e+00
1.825984704278039494e+00
1.781179415905151053e+00
1.737032912470829249e+00
1.693578721524285235e+00
1.650846232431395277e+00
1.608860792210219159e+00
1.567643891774461506e+00
1.527213412183650254e+00
1.487583904548595015e+00
1.448766882241746767e+00
1.410771109284331581e+00
1.373602873693801740e+00
1.337266238844025290e+00
1.301763269356728481e+00
1.267094230676464095e+00
1.233257763340915636e+00
1.200251034151839313e+00
1.168069867108349813e+00
1.136708857213227564e+00
1.106161470222199128e+00
1.076420131175480854e+00
1.047476304209738807e+00
1.019320565757191543e+00
9.919426728396695259e-01
9.653316277877301843e-01
9.394757403756073266e-01
9.143626880706078319e-01
8.899795748532581818e-01
8.663129888704326209e-01
8.433490590339177695e-01
2.751222938017950856e-02
