9.779284769618634243e+00
4.179958911953551848e+00
3.212628089564451450e+00
2.781939232574513809e+00
2.521983696361398852e+00
2.317483164400497841e+00
2.140868130341873954e+00
1.984310588985534807e+00
1.844338086451177805e+00
1.718717435254833337e+00
1.605697625090467540e+00
1.503788222428893429e+00
1.411693541447843314e+00
1.328286516684636043e+00
1.252585864633001922e+00
1.183731285334008509e+00
1.120961515703425393e+00
1.063599520962807743e+00
1.011044783556032334e+00
9.627693681274921422e-01
9.183140418425476126e-01
8.772823295082270434e-01
8.393323255945465133e-01
8.041673595907682381e-01
7.715269910867809111e-01
7.411794933070362523e-01
7.129163281032777633e-01
6.865484872314185916e-01
6.619042068756147978e-01
6.388274911054415695e-01
6.171770013305257763e-01
5.968250494395515027e-01
5.776565842351083502e-01
5.595681544049054823e-01
5.424668735082947002e-01
5.262694221302973707e-01
5.109011162768259950e-01
4.962950599135952379e-01
4.823913885516625810e-01
4.691366018603405075e-01
4.564829767179175435e-01
4.443880476090866782e-01
4.328141385444579936e-01
4.217279295930685956e-01
4.111000417449204303e-01
4.009046262801190252e-01
3.911189491179151156e-01
3.817229664558679514e-01
3.726988946794454471e-01
3.640307839412160740e-01
